9
4 3 8 9 2 7 5 1 6 
6 1 5 4 3 8 2 9 7 
2 7 9 1 6 5 8 3 4 
3 6 1 5 9 4 7 8 2 
9 2 4 8 7 6 1 5 3 
5 8 7 3 1 2 6 4 9 
8 9 2 6 4 1 3 7 5 
7 5 3 2 8 9 4 6 1 
1 4 6 7 5 3 9 2 8 
9
7 9 8 1 3 6 4 2 5 
1 3 2 7 4 5 8 9 6 
5 6 4 8 9 2 7 1 3 
4 1 9 5 2 3 6 7 8 
2 8 5 9 6 7 3 4 1 
3 7 6 4 8 1 2 5 9 
6 5 1 2 7 8 9 3 4 
9 2 3 6 1 4 5 8 7 
8 4 7 3 5 9 1 6 2 
9
5 9 3 2 4 7 6 1 8 
7 6 4 9 8 1 2 5 3 
1 8 2 3 6 5 4 9 7 
9 2 7 1 5 6 3 8 4 
6 4 1 8 3 9 7 2 5 
8 3 5 7 2 4 9 6 1 
4 7 9 5 1 2 8 3 6 
3 1 6 4 9 8 5 7 2 
2 5 8 6 7 3 1 4 9 
9
5 9 2 1 3 6 4 7 8 
7 4 6 9 5 8 3 2 1 
8 1 3 7 4 2 6 9 5 
9 3 7 8 2 1 5 4 6 
1 6 4 3 7 5 2 8 9 
2 8 5 4 6 9 7 1 3 
6 2 9 5 8 7 1 3 4 
4 5 8 2 1 3 9 6 7 
3 7 1 6 9 4 8 5 2 
4
2 3 1 4 
1 4 2 3 
4 1 3 2 
3 2 4 1 
4
4 3 2 1 
1 2 3 4 
3 4 1 2 
2 1 4 3 
4
3 4 2 1 
1 2 4 3 
4 3 1 2 
2 1 3 4 
4
4 3 1 2 
1 2 4 3 
2 1 3 4 
3 4 2 1 
9
5 1 7 2 3 4 9 8 6 
3 8 9 5 1 6 4 7 2 
4 6 2 9 7 8 5 1 3 
7 9 4 1 8 2 3 6 5 
1 3 8 6 9 5 2 4 7 
2 5 6 3 4 7 8 9 1 
9 7 1 4 5 3 6 2 8 
6 4 5 8 2 1 7 3 9 
8 2 3 7 6 9 1 5 4 
9
1 8 3 9 5 7 2 4 6 
9 2 6 3 1 4 7 5 8 
4 5 7 8 2 6 1 3 9 
8 3 9 6 7 2 5 1 4 
2 6 4 1 9 5 8 7 3 
7 1 5 4 8 3 6 9 2 
5 9 8 2 3 1 4 6 7 
6 7 2 5 4 9 3 8 1 
3 4 1 7 6 8 9 2 5 
9
3 4 5 1 2 6 8 7 9 
2 1 9 8 7 3 4 5 6 
7 6 8 5 9 4 3 1 2 
4 9 6 2 1 7 5 8 3 
5 8 7 3 4 9 6 2 1 
1 3 2 6 8 5 7 9 4 
6 7 1 4 5 2 9 3 8 
9 2 4 7 3 8 1 6 5 
8 5 3 9 6 1 2 4 7 
9
5 9 2 1 3 6 4 7 8 
7 4 6 9 5 8 3 2 1 
8 1 3 7 4 2 6 9 5 
9 3 7 8 2 1 5 4 6 
1 6 4 3 7 5 2 8 9 
2 8 5 4 6 9 7 1 3 
6 2 9 5 8 7 1 3 4 
4 5 8 2 1 3 9 6 7 
3 7 1 6 9 4 8 5 2 
9
2 7 8 9 1 3 4 6 5 
5 6 4 2 7 8 9 1 3 
3 1 9 6 5 4 2 7 8 
8 2 1 3 6 9 7 5 4 
9 4 7 1 8 5 6 3 2 
6 5 3 4 2 7 1 8 9 
4 9 6 8 3 1 5 2 7 
1 3 5 7 9 2 8 4 6 
7 8 2 5 4 6 3 9 1 
9
7 2 5 9 1 4 6 8 3 
6 4 8 3 7 2 1 5 9 
1 3 9 5 6 8 7 2 4 
4 8 3 1 5 9 2 7 6 
5 6 1 4 2 7 3 9 8 
2 9 7 6 8 3 5 4 1 
9 5 4 7 3 6 8 1 2 
3 1 2 8 9 5 4 6 7 
8 7 6 2 4 1 9 3 5 
9
5 6 7 9 4 1 8 3 2 
9 8 4 7 2 3 6 1 5 
3 2 1 5 6 8 4 9 7 
8 7 9 4 1 5 2 6 3 
2 4 5 3 9 6 7 8 1 
6 1 3 8 7 2 9 5 4 
4 9 6 1 5 7 3 2 8 
1 3 2 6 8 4 5 7 9 
7 5 8 2 3 9 1 4 6 
9
2 3 1 6 9 4 7 5 8 
6 8 9 5 7 3 4 1 2 
7 5 4 8 2 1 9 3 6 
3 2 8 1 6 7 5 9 4 
5 9 7 4 3 8 2 6 1 
1 4 6 2 5 9 3 8 7 
9 1 5 7 8 2 6 4 3 
8 6 2 3 4 5 1 7 9 
4 7 3 9 1 6 8 2 5 
9
3 5 4 7 6 8 2 1 9 
1 7 6 2 9 4 3 5 8 
8 2 9 1 5 3 6 4 7 
6 3 8 5 2 7 1 9 4 
7 1 2 8 4 9 5 6 3 
9 4 5 3 1 6 7 8 2 
5 9 1 4 7 2 8 3 6 
4 8 7 6 3 1 9 2 5 
2 6 3 9 8 5 4 7 1 
16
13 12 6 7 5 16 14 2 4 9 11 3 10 8 15 1 
5 3 2 11 12 15 4 13 14 1 10 8 16 7 6 9 
14 1 10 16 6 8 11 9 15 12 2 7 5 4 13 3 
8 15 9 4 1 10 7 3 5 13 6 16 14 11 12 2 
3 13 14 5 2 1 12 8 11 10 4 15 7 6 9 16 
16 2 12 1 15 11 13 10 9 3 7 6 4 5 14 8 
7 4 15 6 14 3 9 5 16 8 13 1 12 2 11 10 
11 10 8 9 4 6 16 7 12 5 14 2 13 1 3 15 
12 5 3 14 8 4 2 16 1 11 15 13 6 9 10 7 
10 11 4 2 9 13 3 15 7 6 16 5 1 12 8 14 
6 16 1 15 7 5 10 14 8 4 12 9 11 3 2 13 
9 8 7 13 11 12 6 1 10 2 3 14 15 16 5 4 
15 7 11 10 3 2 5 12 13 16 9 4 8 14 1 6 
1 6 13 12 16 9 8 4 2 14 5 10 3 15 7 11 
4 9 5 8 10 14 15 6 3 7 1 11 2 13 16 12 
2 14 16 3 13 7 1 11 6 15 8 12 9 10 4 5 
