9
1 8 3 9 5 7 2 4 6 
9 2 6 3 1 4 7 5 8 
4 5 7 8 2 6 1 3 9 
8 3 9 6 7 2 5 1 4 
2 6 4 1 9 5 8 7 3 
7 1 5 4 8 3 6 9 2 
5 9 8 2 3 1 4 6 7 
6 7 2 5 4 9 3 8 1 
3 4 1 7 6 8 9 2 5 
9
4 3 8 9 2 7 5 1 6 
6 1 5 4 3 8 2 9 7 
2 7 9 1 6 5 8 3 4 
3 6 1 5 9 4 7 8 2 
9 2 4 8 7 6 1 5 3 
5 8 7 3 1 2 6 4 9 
8 9 2 6 4 1 3 7 5 
7 5 3 2 8 9 4 6 1 
1 4 6 7 5 3 9 2 8 
25
23 18 20 8 15 22 21 6 17 3 13 9 5 11 10 24 19 14 7 4 12 25 16 1 2 
12 21 14 3 11 24 16 2 4 13 7 25 8 17 23 1 15 20 18 22 6 19 9 10 5 
19 16 25 4 7 14 10 9 5 18 15 2 1 12 20 8 17 3 6 13 23 11 21 22 24 
22 24 17 6 2 23 1 20 12 11 14 18 21 19 4 10 5 16 9 25 13 8 7 15 3 
10 1 9 5 13 25 8 15 19 7 24 16 3 22 6 2 21 11 12 23 14 18 4 17 20 
6 3 2 11 10 15 25 1 14 16 23 5 4 21 9 22 24 18 8 20 19 12 13 7 17 
20 25 8 1 18 19 24 13 9 21 12 7 15 6 22 23 14 4 2 17 16 5 3 11 10 
16 13 23 12 22 6 20 3 18 4 17 14 19 10 25 7 11 1 15 5 9 21 2 24 8 
21 17 5 14 19 12 7 23 22 2 11 8 13 20 24 3 10 9 25 16 15 6 1 4 18 
9 4 7 15 24 8 5 11 10 17 3 1 2 18 16 21 12 6 13 19 20 22 14 23 25 
18 22 15 19 16 4 13 14 23 9 2 10 17 5 11 20 3 8 21 1 24 7 12 25 6 
3 23 21 2 5 20 6 17 15 1 19 4 12 16 14 25 22 10 24 7 18 9 11 8 13 
4 14 6 20 1 11 2 18 25 5 9 22 24 7 8 17 13 12 23 15 10 16 19 3 21 
8 9 13 25 12 7 19 21 24 10 1 20 18 23 3 16 6 2 14 11 22 4 17 5 15 
24 7 11 10 17 16 12 22 3 8 6 21 25 15 13 4 18 19 5 9 1 20 23 2 14 
13 2 19 16 20 5 23 7 8 22 10 17 14 4 12 15 9 25 3 24 21 1 18 6 11 
7 12 24 21 8 18 11 10 1 14 20 23 22 13 2 5 4 17 19 6 3 15 25 9 16 
11 6 10 17 4 9 3 12 2 25 5 15 16 8 19 18 20 13 1 21 7 23 24 14 22 
1 5 3 23 9 21 17 19 16 15 25 6 11 24 18 14 8 7 22 12 2 13 10 20 4 
25 15 18 22 14 13 4 24 6 20 21 3 7 9 1 11 2 23 16 10 8 17 5 12 19 
2 11 1 7 25 10 15 8 13 12 18 19 20 14 21 6 23 5 4 3 17 24 22 16 9 
17 8 12 13 21 2 22 25 7 6 4 24 9 1 5 19 16 15 10 14 11 3 20 18 23 
15 10 22 9 6 3 14 4 20 24 16 13 23 25 17 12 1 21 11 18 5 2 8 19 7 
5 19 4 18 3 17 9 16 11 23 22 12 10 2 15 13 7 24 20 8 25 14 6 21 1 
14 20 16 24 23 1 18 5 21 19 8 11 6 3 7 9 25 22 17 2 4 10 15 13 12 
16
13 12 6 7 5 16 14 2 4 9 11 3 10 8 15 1 
5 3 2 11 12 15 4 13 14 1 10 8 16 7 6 9 
14 1 10 16 6 8 11 9 15 12 2 7 5 4 13 3 
8 15 9 4 1 10 7 3 5 13 6 16 14 11 12 2 
3 13 14 5 2 1 12 8 11 10 4 15 7 6 9 16 
16 2 12 1 15 11 13 10 9 3 7 6 4 5 14 8 
7 4 15 6 14 3 9 5 16 8 13 1 12 2 11 10 
11 10 8 9 4 6 16 7 12 5 14 2 13 1 3 15 
12 5 3 14 8 4 2 16 1 11 15 13 6 9 10 7 
10 11 4 2 9 13 3 15 7 6 16 5 1 12 8 14 
6 16 1 15 7 5 10 14 8 4 12 9 11 3 2 13 
9 8 7 13 11 12 6 1 10 2 3 14 15 16 5 4 
15 7 11 10 3 2 5 12 13 16 9 4 8 14 1 6 
1 6 13 12 16 9 8 4 2 14 5 10 3 15 7 11 
4 9 5 8 10 14 15 6 3 7 1 11 2 13 16 12 
2 14 16 3 13 7 1 11 6 15 8 12 9 10 4 5 
