9
1 0 3 0 5 7 0 0 0
0 0 0 0 0 4 0 5 0
0 0 0 0 0 6 0 3 0
8 0 0 0 0 0 0 0 4
0 0 0 1 0 0 0 0 0
7 1 0 0 0 0 6 9 0
5 9 0 0 0 0 4 0 0
0 0 2 0 0 0 0 0 0
0 0 0 7 0 8 9 0 0
9
0 0 2 1 0 6 0 7 0
0 0 6 0 0 8 3 0 0
8 0 0 0 0 0 0 0 0
0 0 0 0 2 1 5 0 6
1 0 0 0 7 5 0 0 0
0 0 0 4 0 0 7 0 0
0 2 0 0 0 0 1 0 0
0 5 0 0 0 0 0 0 0
3 0 0 0 9 0 0 0 0
16
0 0 0 0 0 12 6 0 9 7 0 0 0 0 0 2
0 0 0 0 0 12 6 0 9 7 0 0 0 0 0 2
0 0 0 0 0 12 6 0 9 7 0 0 0 0 0 2
0 0 0 0 0 12 6 0 9 7 0 0 0 0 0 2
0 0 0 0 0 12 6 0 9 7 0 0 0 0 0 2
0 0 0 0 0 12 6 0 9 7 0 0 0 0 0 2
0 0 0 0 0 12 6 0 9 7 0 0 0 0 0 2
0 0 0 0 0 12 6 0 9 7 0 0 0 0 0 2
0 0 0 0 0 12 6 0 9 7 0 0 0 0 0 2
0 0 0 0 0 12 6 0 9 7 0 0 0 0 0 2
0 0 0 0 0 12 6 0 9 7 0 0 0 0 0 2
0 0 0 0 0 12 6 0 9 7 0 0 0 0 0 2
0 0 0 0 0 12 6 0 9 7 0 0 0 0 0 2
0 0 0 0 0 12 6 0 9 7 0 0 0 0 0 2
0 0 0 0 0 12 6 0 9 7 0 0 0 0 0 2
0 0 0 0 0 12 6 0 9 7 0 0 0 0 0 2
16
13 0 0 0 0 16 14 0 4 9 0 0 0 0 15 0
0 3 0 11 0 0 4 13 0 1 0 8 0 7 6 0
0 1 10 16 0 8 11 0 0 0 0 7 5 4 0 3
8 0 0 4 0 0 0 0 0 13 6 0 0 11 12 2
0 0 0 0 2 0 0 0 11 10 0 0 7 6 9 0
16 0 0 1 15 11 13 0 9 3 0 6 0 5 0 0
7 4 15 0 14 0 9 5 16 0 13 0 0 0 11 0
0 0 0 0 0 0 16 7 0 5 14 2 0 0 0 15
12 5 0 0 0 4 2 16 0 0 0 0 0 9 0 0
10 0 0 0 0 13 0 0 7 6 0 0 1 12 8 0
0 0 0 0 7 5 0 0 0 0 12 0 11 3 0 0
0 8 0 0 0 12 0 1 0 0 3 14 0 0 0 4
0 0 0 10 0 0 0 12 13 0 0 0 8 0 1 6
1 0 13 0 16 0 0 4 2 0 0 0 0 15 7 0
0 9 5 0 10 14 0 0 0 0 1 0 2 0 0 0
0 0 16 3 0 7 0 0 6 15 0 0 9 0 4 0
16
0 3 2 0 0 0 10 11 0 0 0 0 0 0 0 0
0 0 0 0 12 0 0 0 4 10 15 13 0 0 0 0
6 0 0 4 5 0 0 0 0 1 2 8 14 9 0 10
12 13 0 0 6 0 0 0 0 0 0 0 0 2 7 15
3 0 0 16 0 0 14 0 0 0 0 7 10 0 0 0
0 7 0 0 0 11 4 0 6 0 13 1 16 14 0 3
5 0 0 13 0 0 0 0 0 12 0 2 11 0 6 0
0 6 0 14 8 2 0 0 0 4 0 10 13 0 0 0
7 12 0 6 15 16 13 0 3 0 10 0 1 0 0 0
0 0 0 0 0 9 11 3 0 0 0 0 0 0 8 13
11 15 0 0 7 0 1 0 0 0 4 0 0 6 0 0
8 5 0 0 10 6 0 0 0 0 7 0 3 16 0 2
0 0 0 15 1 4 0 0 8 13 6 0 0 0 10 14
0 0 0 11 0 0 0 0 10 0 0 0 0 0 16 7
0 0 3 5 0 12 0 8 2 0 0 4 6 13 0 11
1 8 0 0 0 0 0 0 16 3 0 0 9 12 4 0